export let mapModel = [
    [[201],[201],[201],[201],[201],[201],[201],[101],[101],[101]],
            [[101],[101],[101],[101],[101],[101],[101],[101],[101],[101]],
            [[101],[101],[201],[201],[201],[201],[201],[101],[101],[101]],
            [[101],[101],[101],[101],[101],[101],[101],[101],[101],[101]],
            [[101],[101],[101],[101],[101],[101],[101],[101],[101],[101]],
            [[201],[101],[101],[101],[101],[101],[101],[101],[101],[201]],
            [[201],[101],[101],[101],[101],[101],[101],[101],[101],[201]],
            [[201],[101],[101],[101],[101],[101],[101],[101],[101],[201]],
            [[201],[201],[201],[201],[201],[201],[201],[201],[201],[201]]
      ]